actID	 scaleF_during_test 	 scaleF_updated 	 scaleF_repeated
101 	 0.99200 	 0.99222 	 0.00000
102 	 0.98900 	 0.98907 	 0.00000
103 	 1.01600 	 1.01566 	 0.00000
104 	 0.98700 	 0.98678 	 0.00000
105 	 0.99000 	 0.99041 	 0.00000
106 	 0.98200 	 0.98215 	 0.00000
107 	 0.99900 	 0.99960 	 0.00000
108 	 0.99200 	 0.99196 	 0.00000
109 	 0.99999 	 0.99880 	 0.00000
110 	 0.88888 	 0.00000 	 0.00000
111 	 0.88888 	 0.00000 	 0.00000
112 	 0.98900 	 0.98934 	 0.00000
113 	 0.98500 	 0.98545 	 0.99077
114 	 0.99500 	 0.99499 	 0.99619
115 	 0.98200 	 0.98172 	 0.00000
116 	 0.98800 	 0.98819 	 0.00000
117 	 0.88888 	 0.00000 	 0.00000
118 	 0.98400 	 0.98359 	 0.00000
119 	 0.99300 	 0.99346 	 0.00000
120 	 0.99999 	 0.98861 	 0.00000
121 	 0.99999 	 0.98995 	 0.00000
122 	 0.99999 	 0.99620 	 0.00000
123 	 0.99999 	 0.99352 	 0.00000
124 	 0.98400 	 0.98374 	 0.00000
125 	 0.00000 	 0.00000 	 0.00000
126 	 0.96300 	 0.96272 	 0.98261
127 	 0.00000 	 0.00000 	 0.00000
128 	 0.97700 	 0.97733 	 0.00000
129 	 0.00000 	 0.00000 	 0.00000
130 	 0.99300 	 0.99267 	 0.00000
131 	 0.00000 	 0.00000 	 0.00000
132 	 0.00000 	 0.00000 	 0.00000
133 	 0.98800 	 0.98814 	 0.00000
134 	 0.00000 	 0.00000 	 0.00000
135 	 0.98100 	 0.98140 	 0.00000
136 	 0.00000 	 0.00000 	 0.00000
137 	 0.00000 	 0.00000 	 0.00000
138 	 0.98800 	 0.98806 	 0.00000
139 	 0.98700 	 0.98734 	 0.00000
140 	 0.88888 	 0.00000 	 0.00000
141 	 0.00000 	 0.00000 	 0.00000
142 	 0.00000 	 0.00000 	 0.00000
143 	 0.00000 	 0.00000 	 0.00000
207 	 0.88888 	 0.00000 	 0.00000
208 	 0.99999 	 1.00110 	 0.00000
209 	 0.99999 	 0.99502 	 0.00000
210 	 0.00000 	 0.00000 	 0.00000
211 	 0.00000 	 0.00000 	 0.00000
212 	 0.00000 	 0.00000 	 0.00000
214 	 0.00000 	 0.00000 	 0.00000
215 	 0.00000 	 0.00000 	 0.00000
216 	 0.99999 	 0.97894 	 0.00000
217 	 0.00000 	 0.00000 	 0.00000
218 	 0.00000 	 0.00000 	 0.00000
219 	 0.00000 	 0.00000 	 0.00000
220 	 0.00000 	 0.00000 	 0.00000
221 	 0.00000 	 0.00000 	 0.00000
222 	 0.00000 	 0.00000 	 0.00000
223 	 0.99999 	 0.98943 	 0.00000
224 	 0.00000 	 0.00000 	 0.00000
225 	 0.00000 	 0.00000 	 0.00000
227 	 0.00000 	 0.00000 	 0.00000
228 	 0.00000 	 0.00000 	 0.00000
229 	 0.00000 	 0.00000 	 0.00000
230 	 0.00000 	 0.00000 	 0.00000
231 	 0.00000 	 0.00000 	 0.00000
232 	 0.00000 	 0.00000 	 0.00000
233 	 0.00000 	 0.00000 	 0.00000
234 	 0.00000 	 0.00000 	 0.00000
235 	 1.00000 	 0.99983 	 0.00000
236 	 0.00000 	 0.00000 	 0.00000
237 	 0.00000 	 0.00000 	 0.00000
238 	 0.00000 	 0.00000 	 0.00000
239 	 0.00000 	 0.00000 	 0.00000
240 	 0.00000 	 0.00000 	 0.00000
241 	 0.00000 	 0.00000 	 0.00000
242 	 0.00000 	 0.00000 	 0.00000
243 	 0.00000 	 0.00000 	 0.00000
301 	 0.00000 	 0.00000 	 0.00000
302 	 0.00000 	 0.00000 	 0.00000
303 	 0.00000 	 0.00000 	 0.00000
304 	 0.00000 	 0.00000 	 0.00000
305 	 0.00000 	 0.00000 	 0.00000
306 	 0.00000 	 0.00000 	 0.00000
307 	 0.99500 	 0.99461 	 0.00000
308 	 0.99999 	 0.98046 	 0.00000
309 	 0.99999 	 1.00041 	 0.00000
310 	 0.00000 	 0.00000 	 0.00000
311 	 0.00000 	 0.00000 	 0.00000
312 	 0.00000 	 0.00000 	 0.00000
313 	 0.99400 	 0.99407 	 0.00000
314 	 0.00000 	 0.00000 	 0.00000
315 	 0.00000 	 0.00000 	 0.00000
316 	 0.99300 	 0.99334 	 0.00000
317 	 0.00000 	 0.00000 	 0.00000
318 	 0.00000 	 0.00000 	 0.00000
319 	 0.00000 	 0.00000 	 0.00000
320 	 0.00000 	 0.00000 	 0.00000
321 	 0.00000 	 0.00000 	 0.00000
322 	 0.00000 	 0.00000 	 0.00000
323 	 0.99999 	 0.98210 	 0.00000
324 	 0.00000 	 0.00000 	 0.00000
325 	 0.00000 	 0.00000 	 0.00000
326 	 0.97000 	 0.97049 	 0.00000
327 	 0.00000 	 0.00000 	 0.00000
328 	 0.00000 	 0.00000 	 0.00000
329 	 0.00000 	 0.00000 	 0.00000
330 	 0.00000 	 0.00000 	 0.00000
331 	 0.00000 	 0.00000 	 0.00000
332 	 0.00000 	 0.00000 	 0.00000
333 	 0.88888 	 0.00000 	 0.00000
334 	 0.00000 	 0.00000 	 0.00000
335 	 0.00000 	 0.00000 	 0.00000
336 	 0.00000 	 0.00000 	 0.00000
337 	 0.00000 	 0.00000 	 0.00000
338 	 0.00000 	 0.00000 	 0.00000
339 	 0.00000 	 0.00000 	 0.00000
340 	 0.00000 	 0.00000 	 0.00000
341 	 0.00000 	 0.00000 	 0.00000
342 	 0.00000 	 0.00000 	 0.00000
343 	 0.00000 	 0.00000 	 0.00000
407 	 0.88888 	 0.00000 	 0.00000
408 	 0.99999 	 1.00824 	 0.00000
409 	 0.99999 	 0.99856 	 0.00000
410 	 0.88888 	 0.00000 	 0.00000
411 	 0.98500 	 0.98487 	 0.00000
412 	 0.00000 	 0.00000 	 0.00000
414 	 0.00000 	 0.00000 	 0.00000
415 	 0.00000 	 0.00000 	 0.00000
416 	 0.99999 	 0.98565 	 0.00000
417 	 0.88888 	 0.00000 	 0.00000
418 	 0.00000 	 0.00000 	 0.00000
419 	 0.00000 	 0.00000 	 0.00000
420 	 0.99999 	 1.00136 	 0.00000
421 	 0.99999 	 0.99968 	 0.00000
422 	 0.99999 	 0.99646 	 0.00000
423 	 0.99999 	 0.98194 	 0.00000
424 	 0.99999 	 0.98606 	 0.00000
425 	 0.00000 	 0.00000 	 0.00000
427 	 0.00000 	 0.00000 	 0.00000
428 	 0.00000 	 0.00000 	 0.00000
429 	 0.00000 	 0.00000 	 0.00000
430 	 0.00000 	 0.00000 	 0.00000
431 	 0.00000 	 0.00000 	 0.00000
432 	 0.00000 	 0.00000 	 0.00000
433 	 0.98700 	 0.98698 	 0.00000
434 	 0.00000 	 0.00000 	 0.00000
435 	 0.00000 	 0.00000 	 0.00000
436 	 0.00000 	 0.00000 	 0.00000
437 	 0.00000 	 0.00000 	 0.00000
438 	 0.00000 	 0.00000 	 0.00000
439 	 0.00000 	 0.00000 	 0.00000
440 	 0.88888 	 0.00000 	 0.00000
441 	 0.00000 	 0.00000 	 0.00000
442 	 0.00000 	 0.00000 	 0.00000
443 	 0.00000 	 0.00000 	 0.00000
