1.010000000000000000e+02 0.000000000000000000e+00 0.000000000000000000e+00 5.499411205023306826e-01
1.020000000000000000e+02 0.000000000000000000e+00 -1.708574550182035551e-02 -9.588744279507134538e-02
1.030000000000000000e+02 0.000000000000000000e+00 4.151352628716930594e-03 -8.035595613102278212e-02
1.040000000000000000e+02 0.000000000000000000e+00 -7.115198987409184460e-03 -1.414233780662376150e-01
1.050000000000000000e+02 0.000000000000000000e+00 -6.609270752605227693e-03 -9.435866878329288165e-02
1.060000000000000000e+02 0.000000000000000000e+00 0.000000000000000000e+00 1.753880750895666640e+00
1.070000000000000000e+02 0.000000000000000000e+00 0.000000000000000000e+00 6.129854578444773328e-01
1.080000000000000000e+02 0.000000000000000000e+00 1.667081191869772272e-02 -7.152085081655835952e-02
1.090000000000000000e+02 0.000000000000000000e+00 -9.384368750647726840e-03 -1.070094539856702026e-01
1.100000000000000000e+02 0.000000000000000000e+00 7.499370260557446273e-03 -1.091500079752629887e-01
1.110000000000000000e+02 0.000000000000000000e+00 -1.524968308022936394e-03 -1.248061004914717415e-01
1.120000000000000000e+02 5.610523472570820222e-03 0.000000000000000000e+00 -1.302717979436323614e-01
1.130000000000000000e+02 0.000000000000000000e+00 -1.065997764053938299e-02 -1.752291904042597992e-01
1.140000000000000000e+02 0.000000000000000000e+00 -1.412424603597209859e-02 -8.072647594124618409e-02
1.150000000000000000e+02 0.000000000000000000e+00 1.201847220451511024e-03 -1.056505008309206600e-01
1.160000000000000000e+02 0.000000000000000000e+00 1.902436260833735007e-03 -8.574715814697715655e-02
1.170000000000000000e+02 0.000000000000000000e+00 1.370122176893764400e-02 -8.174340477656207027e-02
1.180000000000000000e+02 0.000000000000000000e+00 -7.884750188455072126e-03 -1.180473040716928240e-01
1.190000000000000000e+02 0.000000000000000000e+00 0.000000000000000000e+00 -1.143319019826094605e-03
1.200000000000000000e+02 0.000000000000000000e+00 2.042028609699153563e-03 -9.840920503577024747e-02
1.210000000000000000e+02 0.000000000000000000e+00 7.938824876627493393e-03 -7.974613807492024475e-02
1.220000000000000000e+02 0.000000000000000000e+00 -5.152932744258580154e-04 -9.997417911747845387e-02
1.230000000000000000e+02 0.000000000000000000e+00 8.961774547853868650e-03 -1.069970155338277606e-01
1.240000000000000000e+02 0.000000000000000000e+00 1.093806634018463500e-03 -1.297916930136399916e-01
1.250000000000000000e+02 0.000000000000000000e+00 0.000000000000000000e+00 1.162203172851398847e+00
1.260000000000000000e+02 0.000000000000000000e+00 -9.276907842614192648e-04 -1.873053036044098063e-01
1.270000000000000000e+02 0.000000000000000000e+00 6.051262770478940158e-03 -9.496771124990553703e-02
1.280000000000000000e+02 5.315261182352148516e-04 0.000000000000000000e+00 -1.103828323232571990e-01
1.290000000000000000e+02 0.000000000000000000e+00 -2.567683529602195550e-02 -1.474104971821712240e-01
1.300000000000000000e+02 0.000000000000000000e+00 6.133761685586390554e-04 -1.226037202757642858e-01
1.310000000000000000e+02 0.000000000000000000e+00 0.000000000000000000e+00 1.362875605657777101e+00
1.320000000000000000e+02 0.000000000000000000e+00 -1.088335068937079739e-03 -9.918850024112467467e-02
1.330000000000000000e+02 0.000000000000000000e+00 -1.959651625259902202e-03 -1.152304008975524596e-01
1.340000000000000000e+02 0.000000000000000000e+00 -7.180252594470766807e-05 -7.041372060187427173e-02
1.350000000000000000e+02 -9.797413270336400443e-03 0.000000000000000000e+00 -1.179613665105269660e-01
1.360000000000000000e+02 0.000000000000000000e+00 0.000000000000000000e+00 1.174043028688883217e+00
1.370000000000000000e+02 0.000000000000000000e+00 -8.424149381098181358e-03 -1.231404342940938534e-01
1.380000000000000000e+02 0.000000000000000000e+00 9.330596624872674466e-03 -9.638801862178639213e-02
1.390000000000000000e+02 0.000000000000000000e+00 0.000000000000000000e+00 1.177441264549725863e+00
1.400000000000000000e+02 0.000000000000000000e+00 0.000000000000000000e+00 1.649232355419568696e+00
1.410000000000000000e+02 0.000000000000000000e+00 0.000000000000000000e+00 1.575304163729748463e+00
1.420000000000000000e+02 0.000000000000000000e+00 0.000000000000000000e+00 1.397819114998342549e+00
1.430000000000000000e+02 0.000000000000000000e+00 0.000000000000000000e+00 -6.766102856753756503e-05
2.070000000000000000e+02 0.000000000000000000e+00 0.000000000000000000e+00 6.869099749287091994e-01
2.080000000000000000e+02 0.000000000000000000e+00 -9.757770187417184882e-03 -1.055026299544489093e-01
2.090000000000000000e+02 0.000000000000000000e+00 -1.761126943287561614e-02 -1.504131435843471254e-01
2.100000000000000000e+02 0.000000000000000000e+00 -8.669259113804565070e-03 -1.077857716067086302e-01
2.110000000000000000e+02 0.000000000000000000e+00 -1.526760615226765809e-02 -1.318907879511186931e-01
2.120000000000000000e+02 7.936674711847831881e-03 0.000000000000000000e+00 -1.126925289152779924e-01
2.140000000000000000e+02 0.000000000000000000e+00 -9.432503955106285795e-03 -9.398959669071871303e-02
2.150000000000000000e+02 0.000000000000000000e+00 -1.734631560278710946e-02 -1.176603266793354863e-01
2.160000000000000000e+02 0.000000000000000000e+00 5.677273294870127489e-03 -1.005767142174306683e-01
2.170000000000000000e+02 0.000000000000000000e+00 8.187028685578382967e-03 -8.715420279757021826e-02
2.180000000000000000e+02 0.000000000000000000e+00 1.176460135945898121e-02 -9.566953486608818780e-02
2.190000000000000000e+02 0.000000000000000000e+00 0.000000000000000000e+00 -1.310852367627527749e-03
2.200000000000000000e+02 0.000000000000000000e+00 4.104359465121120570e-03 -7.752375607308674421e-02
2.210000000000000000e+02 0.000000000000000000e+00 -8.716215907086972622e-03 -1.135082555950039790e-01
2.220000000000000000e+02 0.000000000000000000e+00 -9.782117586683052729e-03 -8.242331365899815965e-02
2.230000000000000000e+02 0.000000000000000000e+00 3.173789271993731134e-03 -1.006225103020123440e-01
2.240000000000000000e+02 0.000000000000000000e+00 -1.984975270781957121e-03 -1.159029817765590137e-01
2.250000000000000000e+02 0.000000000000000000e+00 0.000000000000000000e+00 1.220619674747518868e+00
2.270000000000000000e+02 0.000000000000000000e+00 -3.561172614490852335e-03 -1.008348856157387785e-01
2.280000000000000000e+02 1.637670996921060385e-02 0.000000000000000000e+00 -9.788059568086567019e-02
2.290000000000000000e+02 0.000000000000000000e+00 -7.079236127340582559e-03 -1.194838035961462708e-01
2.300000000000000000e+02 0.000000000000000000e+00 -3.647859615280193805e-03 -1.095236253386502739e-01
2.310000000000000000e+02 0.000000000000000000e+00 0.000000000000000000e+00 1.470619665428331224e+00
2.320000000000000000e+02 0.000000000000000000e+00 -8.381564634874207010e-04 -1.126753553356839715e-01
2.330000000000000000e+02 0.000000000000000000e+00 9.027231831910039264e-03 -1.048200259147402391e-01
2.340000000000000000e+02 0.000000000000000000e+00 1.543483759228616616e-02 -9.151498854849079989e-02
2.350000000000000000e+02 1.361102134322056401e-03 0.000000000000000000e+00 -1.240842423781477605e-01
2.360000000000000000e+02 0.000000000000000000e+00 0.000000000000000000e+00 1.182109160111662449e+00
2.370000000000000000e+02 0.000000000000000000e+00 -1.024052089523671584e-03 -1.149221954791026234e-01
2.380000000000000000e+02 0.000000000000000000e+00 -1.345614270261226604e-02 -1.028621106182204953e-01
2.390000000000000000e+02 0.000000000000000000e+00 0.000000000000000000e+00 7.948129931402779791e-01
2.400000000000000000e+02 0.000000000000000000e+00 0.000000000000000000e+00 1.582124115908604356e+00
2.410000000000000000e+02 0.000000000000000000e+00 0.000000000000000000e+00 1.449423195979459456e+00
2.420000000000000000e+02 0.000000000000000000e+00 0.000000000000000000e+00 1.357383229163924510e+00
2.430000000000000000e+02 0.000000000000000000e+00 0.000000000000000000e+00 1.084733695544552235e-04
3.010000000000000000e+02 0.000000000000000000e+00 0.000000000000000000e+00 6.424325573252337440e-01
3.020000000000000000e+02 0.000000000000000000e+00 -1.685715398381324587e-02 -1.038924852120975545e-01
3.030000000000000000e+02 0.000000000000000000e+00 -9.787756943203770182e-03 -1.155380406342165628e-01
3.040000000000000000e+02 0.000000000000000000e+00 -7.655462940924387914e-03 -1.120205576599564296e-01
3.050000000000000000e+02 0.000000000000000000e+00 4.718572886611485488e-03 -1.053289535137167804e-01
3.060000000000000000e+02 0.000000000000000000e+00 0.000000000000000000e+00 1.853090812568245926e+00
3.070000000000000000e+02 0.000000000000000000e+00 0.000000000000000000e+00 6.884806756809936923e-01
3.080000000000000000e+02 0.000000000000000000e+00 -2.209746685121704007e-03 -7.930963871435257884e-02
3.090000000000000000e+02 0.000000000000000000e+00 1.179014977014493024e-02 -7.563765824581167307e-02
3.100000000000000000e+02 0.000000000000000000e+00 -2.923165691257355748e-03 -1.047901389163901770e-01
3.110000000000000000e+02 0.000000000000000000e+00 9.385250045098196591e-04 -1.097631377116395357e-01
3.120000000000000000e+02 7.423349711838104180e-03 0.000000000000000000e+00 -7.150900672796751956e-02
3.130000000000000000e+02 0.000000000000000000e+00 4.864221125570598360e-03 -1.646978140192212892e-01
3.140000000000000000e+02 0.000000000000000000e+00 -2.098996112545538709e-02 -9.754728534896391079e-02
3.150000000000000000e+02 0.000000000000000000e+00 -9.626652563272613747e-03 -1.192993421493554196e-01
3.160000000000000000e+02 0.000000000000000000e+00 6.841686575959743041e-03 -8.917326814861326056e-02
3.170000000000000000e+02 0.000000000000000000e+00 -1.134576904534430504e-02 -1.046822607406009270e-01
3.180000000000000000e+02 0.000000000000000000e+00 2.677031600898910346e-03 -1.028011528143158160e-01
3.190000000000000000e+02 0.000000000000000000e+00 0.000000000000000000e+00 3.876065595856440730e-04
3.200000000000000000e+02 0.000000000000000000e+00 -1.340560033502424808e-02 -1.075156447827107370e-01
3.210000000000000000e+02 0.000000000000000000e+00 5.598444792040506261e-03 -1.011221269939293621e-01
3.220000000000000000e+02 0.000000000000000000e+00 1.313226659381961509e-02 -8.409070475827888635e-02
3.230000000000000000e+02 0.000000000000000000e+00 3.815206382204847004e-03 -1.074278173920940049e-01
3.240000000000000000e+02 0.000000000000000000e+00 -3.719126191197984644e-03 -1.274320146922046093e-01
3.250000000000000000e+02 0.000000000000000000e+00 0.000000000000000000e+00 1.325062767281771414e+00
3.260000000000000000e+02 0.000000000000000000e+00 -8.086418465407762407e-03 -2.155553960089018062e-01
3.270000000000000000e+02 0.000000000000000000e+00 1.369299400743264304e-02 -8.162739996661656783e-02
3.280000000000000000e+02 4.969509349707760572e-03 0.000000000000000000e+00 -1.256960665537690258e-01
3.290000000000000000e+02 0.000000000000000000e+00 -1.158002307341261979e-02 -9.286522308100586542e-02
3.300000000000000000e+02 0.000000000000000000e+00 1.236342957699730800e-02 -8.991864904144696025e-02
3.310000000000000000e+02 0.000000000000000000e+00 0.000000000000000000e+00 1.341026669143513983e+00
3.320000000000000000e+02 0.000000000000000000e+00 -1.880939378803376388e-02 -1.451163731410313462e-01
3.330000000000000000e+02 0.000000000000000000e+00 -4.485418028078433372e-03 -1.219303615826674986e-01
3.340000000000000000e+02 0.000000000000000000e+00 1.558558603111668064e-02 -1.039723736406642784e-01
3.350000000000000000e+02 -3.370291797264853614e-03 0.000000000000000000e+00 -1.424093901277435348e-01
3.360000000000000000e+02 0.000000000000000000e+00 0.000000000000000000e+00 1.236359323766632157e+00
3.370000000000000000e+02 0.000000000000000000e+00 -1.354078857329041666e-02 -1.323805032875658982e-01
3.380000000000000000e+02 0.000000000000000000e+00 -6.371660277100089746e-03 -1.069158081697745843e-01
3.390000000000000000e+02 0.000000000000000000e+00 0.000000000000000000e+00 9.637725059620000367e-01
3.400000000000000000e+02 0.000000000000000000e+00 0.000000000000000000e+00 1.473108554057021458e+00
3.410000000000000000e+02 0.000000000000000000e+00 0.000000000000000000e+00 1.369368964832517577e+00
3.420000000000000000e+02 0.000000000000000000e+00 0.000000000000000000e+00 1.391266449426393548e+00
3.430000000000000000e+02 0.000000000000000000e+00 0.000000000000000000e+00 -1.384016720415578170e-03
4.070000000000000000e+02 0.000000000000000000e+00 0.000000000000000000e+00 6.939922063201834357e-01
4.080000000000000000e+02 0.000000000000000000e+00 -9.127836430657731981e-03 -1.063611270144685789e-01
4.090000000000000000e+02 0.000000000000000000e+00 -1.095183191026466787e-02 -1.001948892287676529e-01
4.100000000000000000e+02 0.000000000000000000e+00 -2.180727856076962717e-03 -1.138914710684967163e-01
4.110000000000000000e+02 0.000000000000000000e+00 6.781780640353772018e-03 -1.057963408350038464e-01
4.120000000000000000e+02 -5.186932890476240489e-03 0.000000000000000000e+00 -1.215097197775416304e-01
4.140000000000000000e+02 0.000000000000000000e+00 4.068949214758905628e-03 -1.014057417912203191e-01
4.150000000000000000e+02 0.000000000000000000e+00 5.693437746300778098e-03 -9.685861239022888758e-02
4.160000000000000000e+02 0.000000000000000000e+00 -5.566262509239359654e-03 -1.217605761185050484e-01
4.170000000000000000e+02 0.000000000000000000e+00 -6.944055996619966434e-03 -1.170450068295271762e-01
4.180000000000000000e+02 0.000000000000000000e+00 -1.706316212776090623e-03 -1.258665078023985529e-01
4.190000000000000000e+02 0.000000000000000000e+00 0.000000000000000000e+00 3.287460571816798959e-04
4.200000000000000000e+02 0.000000000000000000e+00 -3.014461148214242600e-04 -1.082970583523201469e-01
4.210000000000000000e+02 0.000000000000000000e+00 3.655104122328652755e-02 -7.292115007054841835e-02
4.220000000000000000e+02 0.000000000000000000e+00 -1.497603545931771619e-02 -1.165360888296570890e-01
4.230000000000000000e+02 0.000000000000000000e+00 -1.984398600789369707e-02 -1.337715525048944754e-01
4.240000000000000000e+02 0.000000000000000000e+00 -1.079868117570138147e-02 -1.341276134386561181e-01
4.250000000000000000e+02 0.000000000000000000e+00 0.000000000000000000e+00 1.114384788757551759e+00
4.270000000000000000e+02 0.000000000000000000e+00 -3.656564814957805748e-02 -1.297393282652782032e-01
4.280000000000000000e+02 -6.932258585647824677e-03 0.000000000000000000e+00 -1.073433242761495932e-01
4.290000000000000000e+02 0.000000000000000000e+00 -8.350998542905536601e-03 -1.572816110694806868e-01
4.300000000000000000e+02 0.000000000000000000e+00 1.262206546573859181e-02 -8.831899159191797244e-02
4.310000000000000000e+02 0.000000000000000000e+00 0.000000000000000000e+00 1.277012820774125590e+00
4.320000000000000000e+02 0.000000000000000000e+00 6.863532134948631576e-03 -7.652391954550902264e-02
4.330000000000000000e+02 0.000000000000000000e+00 -2.548660161903010431e-03 -1.177798038518593216e-01
4.340000000000000000e+02 0.000000000000000000e+00 1.469387022133311627e-02 -9.753967899363355509e-02
4.350000000000000000e+02 -8.406992466463066374e-03 0.000000000000000000e+00 -1.391616165860786736e-01
4.360000000000000000e+02 0.000000000000000000e+00 0.000000000000000000e+00 1.157344248061105363e+00
4.370000000000000000e+02 0.000000000000000000e+00 -3.390560474826734977e-02 -1.466013814335923315e-01
4.380000000000000000e+02 0.000000000000000000e+00 1.283350218998502502e-05 -1.399928177328272627e-01
4.390000000000000000e+02 0.000000000000000000e+00 0.000000000000000000e+00 9.194071616241714651e-01
4.400000000000000000e+02 0.000000000000000000e+00 0.000000000000000000e+00 1.594642575910160121e+00
4.410000000000000000e+02 0.000000000000000000e+00 0.000000000000000000e+00 1.375926796419869813e+00
4.420000000000000000e+02 0.000000000000000000e+00 0.000000000000000000e+00 1.376770864572799180e+00
4.430000000000000000e+02 0.000000000000000000e+00 0.000000000000000000e+00 -3.382355580952396950e-03
